dict_values([7, 1, 2, 1, 1, 1, 1, 1, 2, 16, 1, 1, 1, 1, 1, 1, 1, 3, 4, 1, 2, 13, 1, 1, 1, 1, 2, 5, 2, 1, 5, 8, 1, 1, 5, 1, 1, 2, 5, 1, 1, 1, 2, 1, 1, 3, 1, 4, 1, 7, 2, 13, 2, 3, 1, 3, 2, 2, 1, 1, 1, 1, 17, 2, 3, 4, 8, 1, 1, 4, 5, 2, 2, 14, 1, 1, 1, 1, 2, 4, 7, 3, 1, 1, 1, 1, 1, 1, 1, 2, 9, 1, 3, 1, 1, 3, 1, 1, 2, 1, 1, 1, 1, 1, 2, 1, 2, 1, 1, 3, 1, 2, 1, 2, 1, 1, 1, 2, 4, 14, 1, 1, 1, 1, 1, 3, 4, 1, 3, 1, 1, 3, 1, 1, 5, 8, 1, 3, 2, 1, 3, 1, 1, 2, 3, 1, 2, 4, 1, 3, 3, 12, 1, 2, 9, 1, 33, 1, 3, 2, 2, 4, 2, 3, 1, 3, 1, 1, 7, 2, 1, 4, 8, 1, 1, 1, 6, 2, 1, 1, 1, 5, 1, 1, 2, 3, 5, 10, 1, 1, 1, 1, 1, 9, 1, 2, 3, 2, 1, 1, 1, 3, 3, 4, 1, 1, 1, 1, 1, 1, 1, 1, 1, 1, 2, 1, 14, 1, 5, 2, 3, 1, 1, 2, 2, 1, 1, 1, 2, 1, 2, 1, 3, 1, 4, 1, 3, 2, 2, 2, 1, 1, 2, 1, 5, 1, 1, 7, 4, 1, 1, 4, 6, 3, 3, 2, 3, 3, 1, 1, 4, 18, 9, 1, 1, 7, 1, 1, 3, 1, 1, 2, 4, 1, 1, 1, 1, 1, 1, 5, 1, 1, 2, 3, 1, 4, 1, 1, 3, 1, 2, 1, 1, 2, 1, 1, 2, 2, 1, 2, 1, 2, 1, 2, 3, 1, 1, 1, 1, 1, 1, 1, 2, 8, 1, 19, 1, 1, 3, 1, 1, 1, 1, 2, 1, 6, 1, 5, 10, 1, 1, 1, 2, 1, 1, 1, 12, 2, 1, 1, 6, 1, 1, 1, 2, 2, 3, 4, 1, 6, 1, 1, 1, 1, 1, 1, 1, 3, 1, 1, 15, 3, 4, 2, 2, 1, 1, 5, 1, 1, 17, 1, 3, 2, 1, 1, 2, 11, 1, 2, 3, 2, 1, 1, 1, 5, 1, 9, 1, 1, 6, 1, 1, 2, 1, 1, 4, 1, 2, 1, 2, 1, 1, 1, 19, 4, 1, 2, 1, 1, 1, 1, 1, 1, 1, 1, 10, 1, 1, 3, 1, 5, 1, 1, 2, 1, 1, 2, 3, 1, 1, 1, 2, 4, 1, 25, 6, 6, 3, 1, 1, 1, 1, 1, 2, 1, 3, 1, 2, 2, 2, 1, 1, 6, 12, 1, 2, 2, 1, 2, 2, 1, 2, 2, 4, 1, 1, 9, 1, 2, 1, 4, 2, 1, 5, 3, 1, 2, 1, 10, 1, 4, 1, 1, 1, 2, 1, 1])
Mediana: 1.0
Numero di volte in cui compare la mediana : 266
Media: 2.627049180327869
Moda: 1
Varianza: 11.462264786077355