Mediana: 1.0
Numero di volte in cui compare la mediana : 201
Media: 2.672972972972973
Moda: 1
Varianza: 13.673251300080569